01_201401020287.jpg 150.5269 219.4472 266.9388 223.0894 115.2216 178.0163 297.7912 193.0407 93.8929 140.236 106.6039 154.6544 103.4861 224.3433 94.1328 237.0452 83.3405 251.4636 320.0514 162.2069 307.5803 172.8491 335.6403 206.1487 343.3148 223.6567 350.9893 238.0751 324.6082 196.1931 120.5139 213.3579 
01_201407020382.jpg 137.427 196.9407 292.1081 194.5355 93.8378 186.7183 347.2 188.823 109.3055 207.4764 319.7155 217.0182 58.6946 153.0182 77.908 166.2836 85.8745 218.6473 79.5481 233.5418 67.1297 247.9709 357.908 176.5237 354.159 183.04 347.5983 228.1891 348.3013 244.48 354.3933 261.4691 
01_201408100092.jpg 157.7081 183.8159 284.5405 184.5209 121.9892 167.6012 322.0757 170.4211 132.02 192.2096 311.78 196.1223 111.3 131.8894 118.86 147.5401 113.54 208.5124 107.38 214.3814 102.34 221.8807 331.38 146.2358 325.5 155.0393 327.74 211.7729 336.42 220.9025 341.4601 229.0539 
01_201408210204.jpg 168.3027 200.9025 300.2811 195.489 131.6757 183.5794 331.1568 170.9479 113.6891 203.7068 352.761 183.5685 115.5081 160.0221 125.9025 172.7248 101.7355 212.0719 96.5383 221.3665 92.9002 234.0692 343.6659 150.4177 337.6891 158.1632 362.116 188.5256 366.7935 198.7496 372.2506 210.5228 
01_201411300018.jpg 171.2579 178.9268 283.2003 171.187 138.2492 163.9024 313.6974 151.1545 149.1147 190.8826 305.1803 182.5617 121.8361 132.636 128.918 147.6137 130.2295 204.529 122.8852 214.5141 112.6557 224.1664 325.9016 120.6538 319.3443 137.9614 324.5901 193.8782 331.6721 204.8618 340.3279 215.5126 
01_201411300036.jpg 170.7919 172.0976 271.4559 165.7236 137.357 150.6992 299.8575 145.6911 147.1542 177.6067 296.1586 172.9205 118.2908 124.8089 129.1454 134.1813 127.1718 191.6653 120.7577 199.788 115.0837 207.5983 320.0881 114.1869 309.2335 128.8703 314.6608 183.855 321.0749 191.6653 326.7489 197.9135 
01_201411300054.jpg 160.1073 171.6423 292.2244 181.6586 120.4 141.5935 333.0146 154.7968 126.24 179.8054 320.8 193.5279 97.44 102.3135 108.64 121.6865 107.36 200.3892 100.64 209.2685 94.88 219.7622 349.6 132.1802 340.32 142.6739 342.5601 212.9009 350.24 222.5874 356.32 232.6775 
01_201411300114.jpg 152.6887 191.6748 278.4495 200.7805 114.0471 164.3577 322.3604 176.6504 89.1667 120.3163 102.1667 141.4851 101.1667 214.9277 92.1667 232.6403 84.1667 247.7609 345.8334 139.757 333.5001 155.3096 328.8334 233.5044 337.5 249.0569 343.1667 259.8573 126.5 202.3992 307.5 212.7676 
01_201411300133.jpg 151.5875 178.0163 275.781 179.3821 112.3472 157.5285 319.0668 162.5366 120.05 185.2661 306.95 188.1548 93.45 118.3025 103.4834 136.9473 97.4167 196.2955 88.0833 211.2638 78.05 223.6061 344.05 123.8171 330.05 140.0985 325.85 197.0833 334.95 215.728 348.4834 229.1208 
01_201503260240.jpg 146.3067 224.9106 276.7205 224.9106 100.0607 193.0407 313.1007 208.5204 108.7131 240.7191 309.3391 242.5169 77.3044 156.9438 91.1826 168.809 92.4 257.2584 87.0435 279.191 76.8174 295.3708 340.2609 166.2921 328.087 185.7079 326.1392 255.1011 338.3131 278.1124 350.7305 296.0899 
01_201508280093.jpg 167.1683 216.2602 283.276 240.8456 146.3912 188.0325 319.3305 227.187 123.0756 190.4371 307.5023 260.5298 118.0978 140.7417 130.7911 160.7682 101.4222 185.245 88.9778 193.0331 71.8045 203.7881 325.1734 259.7881 341.1023 262.3841 354.7911 267.5762 349.5645 187.0993 333.8845 207.4967 
01_201508280117.jpg 158.691 190.7642 274.6407 183.935 119.5754 178.4715 314.4547 170.2764 134.1368 206.3733 302.6154 200.4457 96.5641 138.0501 111.641 154.8969 118.1026 219.4763 110.9231 235.3872 99.4359 248.4903 317.2137 208.5571 321.0428 223.5321 330.1368 233.5153 338.5128 132.1226 324.6325 149.9053 
01_201508280166.jpg 162.1376 164.813 283.4296 178.0163 123.9081 139.7723 325.1345 163.4471 131.9806 171.4722 310.5826 193.9078 104.5243 103.4531 116.2136 121.2592 110.7767 195.6884 103.7087 206.7282 120.835 178.5946 324.1748 204.5914 329.8835 221.6852 341.0292 238.4229 352.9903 135.504 336.136 147.9682 
01_201508280185.jpg 153.618 211.252 293.1399 220.813 105.5927 191.6748 344.4774 206.2439 120.1982 220.9486 330.0721 235.3734 83.1171 139.6706 96.991 162.4173 92.4505 224.8322 84.1261 247.579 62.1802 269.4935 352.2703 242.3084 359.3333 262.8359 374.7208 283.0861 378.7568 155.205 356.5586 175.7325 
01_201508290063.jpg 167.393 209.4309 291.3894 202.1463 127.2963 188.4878 336.5402 179.8374 141.7778 221.9982 325.7778 210.7882 108.2963 136.7221 119.2593 159.9428 122.5185 234.8097 116.5926 250.824 106.8148 262.8347 340.2963 228.0036 342.3704 237.6122 347.7037 249.6229 359.5556 133.1189 345.6297 155.1385 
01_201508290075.jpg 154.1919 198.9594 257.9345 188.4878 119.2879 180.748 296.0704 162.9919 130.3942 210.9478 284.6326 194.0566 95.7859 147.9897 108.8662 162.5776 115.1338 216.3222 106.6861 234.3651 97.6934 246.2657 299.348 194.4405 308.6132 204.4216 320.3309 211.3316 312.1557 126.4919 304.7981 143.7669 
01_201508290115.jpg 164.674 208.9756 289.2239 215.8049 129.2866 190.7642 325.6521 193.9512 134.75 218.877 322.4039 223.1167 103.25 145.7413 119.9423 169.7666 118.5962 229.8297 112.6731 250.3218 103.5192 267.2808 337.2115 234.7761 340.9808 249.9685 351.75 267.6341 353.0962 149.6278 334.7885 166.9401 
01_201508290144.jpg 157.0152 194.8618 280.5835 203.5122 110.001 163.9025 325.5174 176.1951 115.3981 198.8632 344.5631 206.3002 90.1165 134.9057 98 145.6149 99.9029 203.0279 95.8252 210.7623 85.767 222.0664 355.9806 215.2245 359.5146 226.8261 364.9515 240.8075 363.0486 153.3493 349.7282 160.1913 
01_201508290145.jpg 174.5318 196.6829 286.7483 189.3984 136.3516 175.2846 329.9084 163.9024 148.5575 208.9791 315.5991 195.8357 122.5428 124.1106 132.401 149.6463 127.4719 219.4937 117.8875 230.3839 112.1369 245.4049 334.2201 202.2196 344.0782 215.363 352.8411 230.3839 344.6259 117.3512 333.9463 136.1274 
01_201508290153.jpg 160.5414 193.9512 270.6607 183.4797 118.2357 171.187 313.2775 159.8049 135.6021 209.6245 298.911 197.6092 94.8482 135.8161 109.5079 153.8391 113.0262 214.774 104.8168 224.2146 96.9005 231.0805 319.4346 203.1877 326.7644 210.0537 334.6807 216.9196 334.3875 119.0805 324.7121 135.8161 
01_201508290229.jpg 172.4751 232.6504 295.7914 226.7317 135.0336 221.7236 336.3244 207.6098 95.8712 168.4979 112.7013 197.1784 125.3238 257.195 114.7048 280.5643 93.4669 307.6515 346.9196 242.3237 354.9338 260.9129 368.9589 290.9212 371.7639 147.5187 356.5367 179.917 151.5707 251.8839 325.2809 235.9502 
01_201508290245.jpg 163.7899 186.2114 280.0905 189.3984 123.2272 168 325.7234 173.9187 139.082 205.0952 308.6121 209.052 97.1585 120.683 111.235 141.3464 117.6612 212.1296 111.235 225.7586 103.8907 238.0687 326.9727 218.2846 332.4809 229.2758 339.5192 240.7066 356.6558 136.0707 337.9891 151.0187 
01_201508300020.jpg 163.419 214.8943 286.924 223.0895 124.5936 196.2277 335.121 204.8781 134.7327 224.6034 331.0099 232.1455 96.8079 146.1657 114.5505 168.7919 114.3287 230.3354 106.7881 254.1684 93.4812 271.3643 355.6277 241.7993 353.6317 255.9785 360.507 273.4761 354.5189 154.0094 335.4456 182.6694 
01_201508300024.jpg 163.9156 183.0244 292.4506 187.122 118.6622 172.5529 337.704 178.4715 141.4567 197.5179 316.4702 202.9435 98.5125 126.985 110.3815 147.3956 112.5395 209.9193 103.0443 224.9043 91.6069 237.5641 339.5607 212.5029 347.1137 230.8466 360.9249 243.248 364.3777 134.2192 350.3507 153.0796 
01_201508300025.jpg 146.7808 208.5203 266.6737 194.4065 107.1552 191.2195 306.638 173.4634 117.8875 222.5276 296.7042 205.226 84.7531 149.6401 98.445 166.9417 102.2787 231.7305 92.6944 245.719 82.0147 262.6524 317.2421 215.9014 328.7433 229.5218 338.8753 243.1422 324.9096 129.0255 313.1345 147.0633 
01_201508300029.jpg 174.5365 202.6017 291.2973 211.7073 131.1298 184.3903 343.7892 195.3171 143.6198 214.4926 322.2662 226.3049 110.616 134.4 122.9658 153.991 124.4563 222.5595 112.9582 245.0315 101.2472 267.2155 339.7263 241.2862 344.1978 257.1319 351.8632 276.7228 366.981 150.8219 352.9278 169.2605 
01_201508300148.jpg 169.9869 193.0406 292.6552 188.4878 125.7352 180.748 337.5576 168.4553 143.5 214.8441 321.5435 206.7529 99.3696 127.9696 112.1522 151.8175 114.8913 246.3574 122.5 235.2852 130.1087 221.6578 342.5435 216.1217 351.3696 226.3422 357.4566 234.0076 360.1957 107.5285 348.3261 136.4867 
01_201508300150.jpg 171.9037 197.5935 273.9127 197.5935 141.3321 178.9268 305.732 178.4715 151.2778 213.2162 295.426 212.0811 119.3889 141.7027 132.8704 156.4595 137.0185 216.2433 127.6852 225.3244 119.1296 234.4054 310.7223 218.8919 320.3148 231.7568 328.6111 241.2162 330.1667 141.3243 317.463 158.7298 
01_201508300151.jpg 159.9078 195.317 270.5545 205.7886 123.557 170.2764 311.3694 186.6667 132.451 204.0105 301.2745 219.2966 108.8431 118.5652 117.902 140.5145 116.8039 205.9703 108.2941 222.0403 100.3333 234.1908 315 229.8793 321.5883 244.3815 330.9216 260.8434 332.0197 146.0018 318.2942 163.6396 
01_201508300176.jpg 133.5058 211.252 271.23 205.3333 94.9287 196.6829 312.6915 184.3902 106.7872 226.6331 303.6809 213.8439 76.4043 150.6499 87.1277 169.8338 91 235.6608 79.0851 255.597 68.3617 269.1385 331.0851 139.7414 319.766 161.1822 318.8724 223.6239 329.8937 238.2939 337.9362 254.8447 
01_201508300224.jpg 178.1851 202.1463 289.496 185.3008 144.3079 183.935 323.0506 159.3496 153.5297 215.8323 321.9639 188.8788 119.6693 138.2388 133.5607 157.8414 135.2972 225.6336 125.4574 239.1103 115.0388 252.1787 335.5659 109.2434 326.0155 129.6627 336.1447 194.5962 349.4574 208.8897 360.1654 222.3665 
01_201508310123.jpg 173.8758 232.1951 283.5414 239.9349 137.4218 212.6179 320.6029 224 146.137 243.9282 310.3014 253.1258 116.7306 163.0659 127.9818 186.0599 130.7945 256.9581 124.1461 269.988 116.4749 284.5509 340.9864 179.9281 331.0137 200.6228 326.411 262.3234 336.895 279.9521 345.3334 294.8983 
01_201508310215.jpg 160.9203 195.7723 263.4731 202.1463 126.865 175.7398 299.4633 188.0325 135.38 207.0353 288.54 214.9412 105.98 140.1647 120.54 158.2824 118.02 212.3059 111.02 218.5647 102.62 225.4824 321.58 155.6471 309.54 168.1647 304.5 223.1765 310.94 236.6824 317.38 246.8941 
01_201508310269.jpg 152.6662 228.0976 260.7263 216.7155 118.7651 209.4309 296.3931 192.5854 290.704 225.683 127.2727 239.1465 96.4662 168.7994 110.042 188.9948 109.2588 247.2247 102.993 257.9955 98.5548 267.7566 309.7623 158.0286 300.6248 172.1653 307.4126 231.405 315.5059 240.8295 323.8602 254.6296 
01_201508310275.jpg 167.4154 207.1545 288.3007 201.2357 124.0584 194.4065 331.2902 187.5772 138.3689 216.8141 316.8803 209.4035 89.4369 103.8596 103.5728 145.179 114.0842 226.2457 103.9353 251.8456 80.3754 277.2211 370.5243 91.9579 348.958 137.0948 342.6149 221.7544 351.8576 242.6386 372.5179 272.7299 
01_201508310276.jpg 161.3625 208.5203 273.327 208.5203 122.2141 192.5854 313.2584 198.0488 131.2239 216.3317 302.66 217.1958 96.3051 153.0415 112.0929 172.4822 112.8358 222.5959 104.6634 239.4445 87.3897 261.2614 322.7198 226.2681 329.7778 241.3886 341.4793 257.1572 341.8508 159.3057 326.9917 174.4263 
01_201508310279.jpg 167.2082 225.8211 298.3788 222.6342 128.7364 197.1382 344.545 195.7723 106.3711 220.0545 340.4742 235.478 96.2681 161.5885 117.0516 178.4468 95.6907 225.4348 89.0516 237.6301 83.2784 254.1297 370.4949 162.6645 357.5052 173.7838 353.464 246.2386 362.9897 260.5861 374.5361 276.727 
01_201508310369.jpg 158.4511 213.0732 276.2997 214.8943 117.3087 193.0406 320.2314 196.6829 126.2857 221.6123 313.2572 223.4031 104.8 112.3731 112.3429 149.6815 108.2286 229.3724 99.7714 248.1759 84.4572 260.1146 336.5715 110.5823 327.8857 150.2785 328.3429 235.9387 341.1429 256.2346 355.0858 275.3365 
01_201508310390.jpg 173.0697 235.8374 273.8467 227.187 136.9489 218.9919 308.8838 204.878 150.7143 243.9872 301.5715 231.7428 115.5714 182.045 128.7143 199.6913 133.5714 252.2702 124.7143 264.1544 117 275.3184 330.1429 169.4405 319.2858 185.6463 318.7143 236.4245 325.5715 243.627 332.4286 253.7106 
01_201508310413.jpg 176.8669 227.6423 279.3966 233.1057 140.4459 207.6097 317.0419 216.2602 152.1645 241.3461 305.0489 248.6272 117.3265 170.2486 132.0103 185.239 129.9949 248.6272 116.7507 264.9025 108.1131 278.1798 326.3548 257.6214 334.4165 271.327 341.9023 283.3193 341.3265 177.1013 328.6581 192.0918 
01_201508310429.jpg 153.3171 197.1382 271.1219 195.3171 120.1951 183.935 303.9024 179.3821 126.3962 212.2013 295.9812 209.0315 96.0189 133.3082 108.1698 156.9057 328.2076 133.3082 315.7925 155.1447 111.3396 224.5283 101.8302 244.6038 96.0189 267.1447 311.8302 220.3019 325.3019 239.3208 332.1699 263.6227 
01_201511240136.jpg 188.2811 204.4358 267.2865 196.6101 159.2216 193.9012 298.1622 173.735 169.2761 210.4152 298.0911 188.7691 146.1555 171.6015 152.311 181.6035 151.4102 220.4172 145.555 229.3742 136.8472 238.7791 309.6515 152.6425 304.2466 161.7487 314.1555 194.7404 320.9115 205.9367 327.8177 211.0123 
01_201511240208.jpg 139.8486 171.0323 278.1837 161.8591 85.9676 159.4919 330.854 144.9923 108.2857 184.0599 313.0476 166.9294 62.9524 120.1929 73.6191 136.3924 72.0952 194.1147 64.8572 211.2453 51.5238 225.3965 346.5715 104.3658 337.4286 119.2619 344.4762 174.005 356.2858 192.0665 363.9048 204.7282 
01_201511240245.jpg 174.3568 200.9544 276.3676 195.9263 143.1784 180.4229 306.3351 174.5567 148.9305 212.1029 302.2926 205.4108 129.8609 147.0407 137.3813 162.6556 137.3813 224 132.8154 229.9486 126.9065 237.0125 316.259 140.7203 310.3502 155.9635 318.1391 218.0515 326.1967 225.8589 332.6427 234.41 
01_201511240274.jpg 164.3676 213.2665 270.0108 218.1454 128.0432 189.3601 308.454 197.1663 138.5694 222.0236 296.3504 231.6863 115.4063 150.4314 123.5815 167.5608 120.0389 235.2 111.5913 247.498 103.1436 258.9177 327.4161 156.5804 317.0609 173.7098 314.3358 244.4235 323.601 257.6 332.3212 274.7294 
01_201511250115.jpg 171.9351 244.1042 266.0757 240.702 143.4811 232.6603 298.7675 228.9487 153.5659 253.3861 292.0465 249.3941 134.6822 214.796 140.1085 221.4495 138.5892 263.8099 134.031 268.2455 129.0388 273.1248 305.938 209.4733 302.4651 218.1228 304.8527 258.2654 310.062 261.3703 314.8372 266.0277 
01_201511250155.jpg 195.8486 155.3874 257.6 158.6162 178.5946 144.0865 277.5784 147.7189 181.9045 158.603 272.0546 163.9 169.8336 123.1542 174.4175 131.9145 171.6671 165.9372 168 172.6603 162.1937 181.6244 287.0286 130.2847 283.0559 138.0264 282.1391 170.623 285.1951 179.5871 289.3206 189.7735 
01_201511250246.jpg 158.6162 178.0639 259.4163 180.0831 125.3189 158.8818 293.3189 158.377 132.5376 194.2184 284.8474 195.0693 111.1071 120.1899 116.7198 135.5062 118.2506 204.8547 114.1686 212.0874 108.0456 220.171 304.7472 125.7208 298.8793 142.3134 302.7061 212.0874 308.0638 221.8728 315.7176 235.4872 
01_201511260058.jpg 173.1459 190.472 267.8919 201.3093 141.6649 180.3121 302.7027 193.8587 151.2969 196.6361 293.5712 209.8175 131.0146 151.9195 137.1292 166.7695 132.9534 202.9765 128.3302 217.159 121.0226 229.8398 315.7923 167.4369 310.5726 177.9486 308.4847 219.3281 311.4674 234.5117 318.4767 251.6976 
01_201511260107.jpg 190.0973 224.6979 278.4865 230.2815 161.6432 213.1819 307.8486 220.5103 171.6678 231.7348 296.7285 240.3978 154.6709 193.9889 158.2492 201.4144 155.9233 238.954 153.4185 245.3481 148.409 249.8858 319.2715 199.1455 312.4728 206.9834 309.6102 246.3794 312.4728 252.9798 316.0511 259.9926 
01_201511260136.jpg 161.3406 257.5735 238.227 242.7387 141.6649 248.9849 260.9297 226.7327 146.2169 273.101 257.8313 250.2286 127.1325 227.6049 134.0723 236.8035 133.1084 274.8413 128.6747 281.0566 123.2771 287.5205 269.3976 203.7381 264.5783 213.9312 272.0964 249.4828 275.3735 253.9578 280 259.9245 
01_201511260208.jpg 165.5784 196.4754 285.1459 192.9549 116.2378 187.514 328.4325 175.0319 138.9979 215.2744 318.6695 197.3244 111.1747 157.4357 115.8905 170.8982 113.2969 225.9945 107.1663 231.7285 97.499 237.9611 346.2569 149.2087 338.0042 161.9232 333.2885 211.2855 338.4758 221.507 346.0211 228.2382 
01_201511260223.jpg 180.4108 190.3428 276.973 192.3462 148.9297 173.1135 308.1514 177.1203 155.256 204.2115 301.0766 209.0775 138.1007 145.4946 144.4727 159.7683 138.3457 211.6727 134.1794 218.4852 129.523 226.9196 318.7221 151.0094 313.3304 163.3367 317.4967 218.4852 323.8687 222.378 329.9956 232.1101 
01_201511260224.jpg 168 209.1412 275.7621 191.3106 132.5838 195.0253 308.7567 169.7653 144.698 220.3102 304.5548 197.2492 121.1454 166.8085 128.6622 178.1853 127.4094 228.9197 118.8904 236.2993 107.1141 246.1387 316.3311 136.9828 310.8188 147.7447 321.8434 203.7063 331.3647 211.0858 340.8859 221.8477 
01_201511260228.jpg 173.146 164.0203 268.4973 183.0836 145.2973 141.2373 299.373 170.5297 149.5258 171.1481 286.6969 200.5891 134.9773 109.7831 140.5196 122.198 134.0536 182.4988 128.2804 189.5931 122.0454 198.1061 315.7939 144.8995 307.0186 155.1861 302.1691 211.9398 308.866 224 316.0248 232.8678 
01_201511260260.jpg 168.3027 200.7439 278.1837 206.0814 136.2162 182.4441 309.0594 193.119 142.2037 212.4082 300.6111 217.9592 116.0185 154.6123 125.8704 165.3878 125.8704 225.7959 117.5741 235.9184 109.0185 245.7143 327.8334 164.0816 318.2408 175.8367 318.5 231.347 326.7963 242.449 334.5741 251.9184 
01_201511270214.jpg 159.827 196.6312 282.1189 217.4176 123.2 173.0732 320.5622 205.6386 127.26 202.3691 308.14 231.2103 110.46 139.2389 116.9 155.2618 107.1 214.226 99.26 227.6853 86.66 242.1059 341.74 173.5279 332.78 184.4235 329.7 242.7468 340.06 254.9242 352.66 267.7425 
01_201511270219.jpg 186.4649 136.3279 288.4757 142.2466 156.4973 117.8316 319.9568 126.7098 164.4229 149.3836 310.9604 154.5088 144.1938 93.0067 151.348 102.0512 143.7005 149.3836 135.8062 156.9206 129.1454 166.2665 332.9163 107.7793 325.7621 114.1104 329.4626 164.4576 334.3965 172.2961 339.0837 183.4509 
01_201511270222.jpg 181.3189 138.9846 282.7243 133.9467 142.573 126.3898 317.8379 119.4626 153.7971 150.4121 310.9759 143.9397 128.6377 103.6985 136.4831 114.6734 136.7536 158.8543 132.1546 165.0452 128.3672 169.5478 333.1595 95.2563 326.3962 101.1658 328.8309 151.5377 336.9469 158.0101 343.1691 164.7638 
01_201511280019.jpg 148.627 200.5172 299.9784 194.6465 97.1676 191.5385 350.5297 179.1065 122.8036 216.311 327.5753 206.3604 74.8319 136.9329 85.7345 160.9046 88.1133 232.3675 78.7965 252.947 61.154 281.6678 372.5735 126.3039 360.8779 148.4664 360.8779 220.834 369.9965 246.3887 384.4673 267.8728 
01_201511280025.jpg 166.4865 200.7117 291.5027 203.6227 126.8325 180.3344 329.946 186.8843 133.98 209.5267 323.54 213.9023 112.7 141.5357 120.54 156.3456 116.62 224.3366 109.62 237.8002 97.86 251.6003 345.38 148.9407 337.54 164.4238 342.3 228.3757 351.54 245.2051 361.06 255.3028 
01_201511280138.jpg 181.6216 181.1711 294.2271 186.2959 144.0865 162.5021 330.5514 170.1893 153.3219 191.9725 320.2052 199.69 131.3048 134.4772 141.5157 145.2817 133.5385 201.2334 125.2422 209.7227 119.1795 217.4402 341.5841 142.9664 332.9687 152.6133 340.6268 210.8803 350.1995 222.0706 359.453 234.0327 
01_201511280186.jpg 168.2847 187.3188 282.0695 180.4716 126.6944 177.048 320.5209 166.2882 143.6219 205.0729 308 193.6124 108.5174 146.3814 117.7115 160.9675 126.3483 221.0481 118.5473 232.1613 110.1891 242.2326 336.9752 133.5318 328.8956 151.5907 326.3881 208.1985 336.1393 221.3954 344.7762 230.4248 
01_201511280208.jpg 168.9081 183.0452 283.9352 173.2941 128.9514 167.8334 322.0757 153.7918 140.5989 198.9182 312.1925 187.7278 112.4492 137.5642 122.9305 149.9122 122.0321 211.652 113.6471 218.9836 105.262 229.0164 334.6524 126.3738 325.9679 138.3359 331.9573 200.4617 341.8396 208.9509 349.3262 216.6684 
01_201511290005.jpg 159.827 140.2304 264.2595 135.558 125.3189 124.8782 296.6487 118.2033 131.9473 149.7135 291.2296 141.568 111.2612 100.8407 118.0581 112.2444 114.8074 159.8138 105.3509 167.3077 98.5541 177.7338 306.0053 89.4371 299.7995 101.1666 308.9604 151.3426 319.0079 158.5106 324.3272 164.0495 
01_201511290011.jpg 174.054 169.61 282.4216 167.7083 140.4541 150.9729 319.9568 150.5926 146.191 179.0939 314.191 177.326 126.4925 121.8122 132.6834 134.1879 126.7739 193.2376 121.1457 203.1382 115.5176 213.0387 333.8895 121.8122 326.8543 135.2486 334.7337 195.0055 340.3618 204.9061 345.7086 214.0995 
01_201511290012.jpg 170.1189 198.277 295.1351 179.5062 122.5946 188.8916 335.0919 157.2593 141.6402 214.5826 327.9164 180.949 107.6653 158.0781 119.6151 170.1862 121.4895 224.2691 112.3515 234.4937 101.8075 245.2565 346.1925 126.597 340.3347 138.167 345.7239 193.0571 357.205 207.0487 364.4687 217.2733 
01_201511290027.jpg 171.3297 153.6129 290.8973 160.222 133.1892 135.7683 328.1297 146.3429 140.4375 162.2289 318.0625 172.7363 120.3125 105.2338 128.7708 118.2886 119.7292 179.1045 113.6042 185.1543 106.8958 191.8408 342.2709 118.9254 334.6875 128.7961 338.1875 188.9751 346.0625 196.9353 353.3542 203.3035 
01_201511290034.jpg 157.4054 167.8767 294.227 176.3423 110.4865 156.2758 349.0162 170.6986 122.2808 184.5369 319.6718 194.8098 94.946 123.651 103.1706 136.4296 100.2678 190.0492 88.8985 201.3244 76.5616 208.5906 355.9568 135.9284 349.9093 152.7159 339.7495 208.3401 350.635 218.613 361.5206 229.387 
01_201511290043.jpg 167.3946 197.6429 278.4865 180.5883 124.7135 190.2784 316.6271 146.4791 142.486 209.5916 332.9907 156.3141 110.2991 159.3299 119.1963 172.0628 120.7664 223.6649 110.5608 236.0628 102.1869 245.7801 327.757 113.4241 321.215 128.1676 347.3832 165.6964 359.6823 180.1047 366.486 196.8587 
01_201511290046.jpg 174.3568 199.3717 293.6217 206.2984 133.4919 179.746 335.3946 191.6753 143.9085 209.0124 321.5195 219.7644 117.5103 153.6233 125.1991 164.0495 126.7369 224.3258 118.5355 236.7069 109.3089 248.1106 356.8879 167.3077 346.3799 177.7338 337.4096 233.7746 344.0733 247.1331 353.8124 258.8625 
01_201511290053.jpg 172.5405 172.4373 280.6054 174.6038 136.8216 158.5717 313.9027 164.6379 150.0748 184.107 301.0655 187.8529 125.7383 132.0401 130.7103 144.7759 132.8037 194.5953 127.0467 200.9632 117.3645 212.2007 328.5421 135.786 320.6916 147.7726 317.2897 203.5853 325.1402 213.699 333.514 223.4381 
01_201511290058.jpg 156.4973 196.8359 253.9675 199.6322 121.9892 182.8544 284.8432 186.0501 133.7852 210.4189 275.1886 216.4158 106.7876 159.9748 115.6086 169.4992 116.4105 228.4095 112.9356 233.7008 108.6587 240.4032 300.5824 163.8551 293.0979 171.9685 294.1671 231.5843 301.3843 240.4032 308.0669 248.5166 
01_201511290072.jpg 164.3676 225.9717 272.7351 228.3377 129.2541 205.4661 310.2703 210.5925 132.9086 232.1905 304.2716 236 118.5796 175.0476 123.8434 189.5238 115.6554 242.0953 106.0052 250.8572 96.0627 260.7619 329.7128 181.5238 319.7703 194.8572 322.987 252.7619 327.081 264.9524 331.4674 275.2381 
01_201511290090.jpg 166.7892 196.8267 276.6703 196.8267 131.0703 175.4175 314.5081 177.0643 137.5172 209.5545 307.7241 210.3049 117.1035 139.0151 122.3448 152.8978 117.9311 224.938 110.4828 233.9431 103.8621 241.4473 325.6552 146.8945 320.1379 158.9012 326.4828 227.5645 331.1724 233.1927 337.2414 241.8225 
01_201511290104.jpg 170.4216 176.9264 286.6595 196.4532 136.5189 157.3995 324.8 185.6437 143.5588 185.1713 310.8873 213.326 120.9976 126.3868 129.8609 140.9282 124.4892 194.4531 113.4772 205.5912 103.5396 215.4917 345.2662 163.8232 334.5228 174.3426 329.9569 224.4641 339.3574 239.6243 348.7578 250.1437 
01_201511290163.jpg 173.4486 177.1504 303.0054 182.2061 132.8865 162.9944 346.5946 174.454 137.6608 189.5871 338.4102 195.5856 111.5747 124.234 123.4836 140.3354 121.7823 198.4271 113.276 209.4771 104.7696 218.3171 368.4659 139.0726 357.1241 153.5955 352.8709 209.4771 358.8253 220.2114 365.9139 229.6829 
01_201511290175.jpg 173.146 201.4103 267.5892 199.3567 138.3351 189.91 302.7027 187.4457 150.1547 209.2085 291.5734 207.1823 125.0667 150.0425 132.2347 165.2393 315.7653 153.6897 308.7467 167.6707 130.4427 221.9738 125.9627 235.1443 118.944 252.7725 311.4347 220.3528 317.856 233.9286 322.9334 254.7988 
01_201511290183.jpg 165.8811 168.4717 280 169.2272 128.0432 152.9842 319.0486 153.362 136.2347 184.0183 308.4792 181.968 111.8631 128.3173 120.8998 137.8856 117.3399 197.6873 111.5892 206.5721 108.3032 214.09 335.8631 123.1915 327.9218 133.7849 328.4695 198.3707 335.0416 209.6476 342.9829 221.2662 
01_201511300281.jpg 163.1568 207.3258 286.9622 208.1809 126.227 189.369 324.8 194.072 135.0761 219.848 313.2179 223.5848 103.0341 141.7906 116.2625 165.8721 117.4383 240.1928 112.441 250.5728 106.2677 265.9352 342.0263 148.849 336.147 160.0593 332.0315 243.0992 337.6168 258.0464 342.9082 273.8239 
01_201511300310.jpg 171.9352 171.8944 309.0594 179.2826 131.9784 151.6744 346.5946 165.2841 134.9169 180.3953 342.0308 191.4625 112.8616 98.0553 123.2 123.7312 115.2738 191.4625 109.4154 200.3162 103.5569 210.498 370.9785 113.9921 358.5724 136.1265 358.917 205.6285 365.8092 217.581 374.4247 233.9605 
01_201511300329.jpg 160.4324 225.5643 293.6216 231.0396 115.3297 192.7131 342.9622 211.8763 122.0984 228.5749 331.9344 247.5522 92.9836 143.177 106.623 163.8487 105.3115 242.1301 95.082 256.0242 82.2295 270.935 357.9017 153.6823 345.3115 179.7761 353.9673 260.4297 363.6722 270.2572 374.9509 278.0515 
01_201511300334.jpg 168.9081 170.5454 286.3568 164.285 129.8595 150.8009 319.9567 139.7248 145.6 186.7438 310.2545 173.3223 117.3818 115.4711 124.3636 129.3554 126.6909 207.1075 121.7455 214.0496 117.0909 224.2314 335.2728 94.1818 325.6728 113.157 327.4182 196.9256 332.3637 204.3306 337.3091 214.5124 
01_201512220156.jpg 138.4062 226.2428 231.6989 236.5595 114.4037 214.5803 254.3427 230.2798 119.2954 233.363 245.6807 246.7969 101.211 193.8755 108.6092 200.1854 103.0605 241.0977 94.8404 245.5757 92.1688 256.7705 268.9028 209.5484 261.5046 215.8582 256.9835 256.3635 263.7651 262.0627 269.7248 269.3903 
01_201512220330.jpg 186.4427 203.0569 302.2157 224.9106 159.2222 186.2114 335.6382 219.9024 157.8812 207.8823 325.0496 245.9788 151.505 145.9755 156.7723 165.7563 144.8515 218.8716 135.1485 226.5642 124.8911 235.722 350 183.3394 342.2377 202.0213 340.5743 257.3344 349.1683 267.2249 356.9307 287.0057 
01_201512230267.jpg 194.6915 193.9512 254.0351 190.3089 176.0407 182.5691 271.4749 171.6423 180.436 205.7874 270.3106 194.315 161.8202 152.1536 168.9918 165.347 171.1281 217.5467 167.0082 226.1511 164.7193 239.0576 285.2643 137.5262 278.5504 151.2932 278.5504 208.9424 281.9073 214.9654 284.3488 226.7247 
01_201512240065.jpg 187.571 193.0407 271.4336 199.4146 163.2849 183.4797 296.8581 189.3984 171.2771 202.953 287.7108 206.191 151.8072 161.5529 159.5181 170.3418 156.8193 213.1296 153.3494 217.524 150.0723 226.3128 310.8434 167.5663 303.7108 175.6613 297.9277 214.5173 302.1687 218.9117 306.0241 226.7755 
01_201512240066.jpg 191.4576 204.878 277.576 209.4309 167.2491 193.4959 304.1656 199.8699 170.4487 213.6183 296.289 217.5267 151.711 176.7328 160.0152 183.5725 159.8023 222.6565 158.5247 232.6717 156.6084 242.687 325.673 178.4427 312.8973 187.2366 308.2129 225.3435 315.6654 236.8244 322.9049 250.0153 
01_201512240077.jpg 154.2424 172.5529 276.5098 174.374 109.3983 157.9838 325.1868 163.9024 127.4316 185.2641 299.799 189.8755 80.6516 111.0201 97.9272 132.4632 110.9324 192.1812 103.9446 200.2512 95.2097 207.6295 345.4142 113.7869 332.4091 134.7689 318.6274 195.4092 328.3328 204.8626 344.4437 212.702 
01_201512240102.jpg 179.5756 231.7398 276.0977 235.3821 147.6708 216.7155 307.1948 221.7236 157.7378 235.4693 294.6856 240.4559 134.3823 178.4221 141.9905 195.3767 147.6525 237.6634 138.4518 246.2404 122.7046 260.0036 323.703 193.5815 316.8025 207.1451 304.7709 243.049 314.1485 251.8255 326.534 261.7988 
01_201512240172.jpg 167.412 176.1951 297.6783 174.374 126.3952 165.2683 334.1377 152.5203 143.3769 196.8434 324.3217 184.6988 105.1055 137.8073 119.4573 150.6265 124.2412 203.9277 112.9849 208.6506 103.9799 223.494 349.3669 128.0241 340.0804 139.1566 340.0804 197.1808 350.4925 208.6506 361.186 221.8073 
01_201512240189.jpg 172.4213 251.3171 273.1611 259.0569 135.752 240.8456 306.6067 250.8618 148.7141 258.5846 292.0316 267.1807 114.7425 203.0094 126.0664 218.6024 134.2054 233.5957 133.3207 269.9795 126.951 280.3748 110.3191 295.9679 333.9653 210.8059 319.4566 227.5984 307.0711 276.3766 315.3871 292.3695 
01_201512240275.jpg 173.94 231.7399 275.4253 234.0163 142.9938 224.4553 310.4673 220.813 149.8095 242.2935 295.9048 240.769 123.3333 201.3237 131.1429 210.2799 145.8095 248.2008 134.381 257.157 128.4762 277.356 324.0952 199.7992 316.8571 207.9932 307.7143 245.9141 312.2857 257.157 319.1429 271.8299 
01_201512240298.jpg 182.6598 264.9756 264.5295 262.6992 162.8004 256.7805 290.0631 249.4959 165.6351 274.4744 279.9054 270.4364 148.9865 242.5958 155.9865 247.6964 156.7432 286.8008 146.1487 293.1765 140.0946 304.6527 301.8513 227.7192 295.4189 238.9829 292.0135 279.1499 299.7703 288.2884 307.9054 294.6641 
01_201512250238.jpg 159.2156 153.8862 287.8847 148.4228 101.6294 143.4146 331.0743 137.0406 132.7513 163.8767 317.5229 155.6302 77.4146 108.8356 92.5753 129.3562 102.9983 168.863 99.3976 178.8356 82.7208 198.9726 358.4569 99.2466 347.2758 116.1233 335.5262 158.8904 346.3283 176.726 370.2065 178.8356 
01_201512260073.jpg 169.5877 198.9594 285.9888 196.2277 131.0169 182.5691 321.4601 176.6504 144.4274 214.0339 312.906 208.0226 112.1197 144.7458 123.8462 162.1469 127.1966 225.4237 119.2991 235.8644 109.0086 252.6328 338.7522 133.3559 330.3761 154.8701 327.265 220.678 339.4701 233.9661 346.8889 249.1526 
01_201512260094.jpg 165.1995 207.1544 279.3618 206.6992 126.343 184.3902 318.5621 182.1138 133.9016 215.8388 310.4262 214.4496 109.5082 149.507 120.2623 163.7458 118.1639 227.2993 108.459 237.7179 100.3279 250.5675 330.623 146.7287 325.3771 163.0512 325.9017 227.6465 331.4099 238.4124 338.2295 254.0403 
01_201512260104.jpg 180.3548 196.6829 277.9668 195.7724 144.9668 181.2033 310.9956 174.8293 158.6281 214.89 300.0166 213.461 133.405 145.5821 138.9587 161.6587 320.843 145.2249 316.9091 159.8724 141.5042 227.0367 135.2562 234.1818 129.7025 245.9713 314.1323 226.3222 321.0744 232.0383 325.2397 239.5407 
01_201512260218.jpg 168.9254 179.8374 282.3571 187.1219 132.0874 160.7154 319.1951 167.0894 140.8276 188.1876 305.2414 194.7302 116.8276 131.7141 126.4828 143.422 126.2069 200.9285 116.2759 214.0139 103.3104 227.0992 333.1035 140.6672 324.5518 154.4412 319.5862 211.259 330.8966 224.3444 338.8966 239.1515 
01_201512270021.jpg 166.202 220.813 278.514 215.3496 128.4362 203.5122 310.697 189.8537 143.5232 232.2265 302.7462 222.6289 108.1678 171.2135 117.5629 180.811 129.4305 238.7391 121.2715 247.9939 110.6402 262.3903 331.6733 151.6756 322.7726 167.443 315.6027 232.2265 327.7175 247.6511 337.3598 262.3903 
01_201512270024.jpg 162.6341 192.1301 260.2159 190.3089 129.1009 172.5528 297.1024 166.6341 141.5082 209.5771 290.4918 201.7425 113.4426 136.9285 124.7213 152.9539 127.3443 213.8506 116.5902 222.0414 100.8525 236.6423 316.9836 131.9428 304.1312 141.9142 305.1804 212.7822 311.2131 226.6709 316.1967 236.2862 
01_201512270051.jpg 166.2922 195.7724 284.6257 214.439 135.1688 179.3821 318.3427 202.1464 140.2654 208.1598 304.8152 229.0316 124.0758 150.3894 132.0379 163.0616 128.5877 214.8686 119.0332 225.3045 111.8673 240.9584 334.5403 172.3794 323.6588 184.3062 321.801 242.822 328.1706 255.4942 337.4597 271.8936 
01_201512270056.jpg 159.1588 248.1301 295.1605 250.8618 117.9462 228.5528 338.5711 228.0976 131.1465 268.3706 324.9152 268.3706 99.1877 179.6294 111.856 197.7593 120.7815 288.409 106.9614 299.8595 95.1568 315.6039 358.3137 180.5836 343.3419 198.2364 343.3419 286.9777 354.2828 297.951 365.5116 307.016 
01_201512270078.jpg 170.4931 170.2764 290.9584 171.187 132.829 152.0651 324.1387 150.6992 144.297 192.754 315.0693 185.1537 116.5743 107.4609 127.9406 121.8172 129.0495 198.6654 122.1188 209.2215 111.5842 224.8445 339.4654 104.0829 329.7624 119.2837 329.4852 197.3987 339.7426 216.3997 348.8911 230.7559 
01_201512270080.jpg 170.6895 217.626 280.7278 207.6097 136.1744 202.1463 316.6098 188.0325 145.6532 229.1393 304.7411 217.0886 114.2613 172.4304 125.7007 184.8355 131.8195 239.4177 123.8385 246.8608 114.2613 259.9747 332.9406 151.1646 323.8955 164.9874 319.1069 228.076 328.6841 237.2912 336.1331 250.4051 
01_201512270089.jpg 164.1287 208.5203 281.5812 211.7073 129.122 190.309 318.8781 191.2195 138.3448 225.9195 312.138 224.7678 112.1379 146.4542 121.7931 161.8098 123.1724 242.0429 111.5862 255.479 106.8966 276.2091 331.4483 144.9186 323.1725 164.497 324.0001 240.1234 333.3794 251.6401 340.8276 268.1474 
01_201512270102.jpg 165.8582 198.0488 243.9978 196.2276 138.4538 185.3008 269.5505 181.6585 146.2472 207.6448 260.5843 203.0035 124.6742 161.6734 134.7416 173.8293 135.1011 211.181 130.2472 218.0326 121.7978 227.5363 278.7416 156.148 274.0674 168.5249 274.427 209.4129 281.7977 218.9166 291.6854 230.8515 
01_201512270158.jpg 153.2692 178.4715 282.1564 177.561 103.3647 164.813 333.6328 157.0732 123.8281 192.2253 306.1683 188.1018 73.1664 118.0033 90.3327 142.9865 101.0094 201.1998 99.7533 209.9318 83.4243 229.0937 352.4337 107.3308 340.7103 124.3097 329.4056 193.438 343.4318 207.5062 355.5739 215.7531 
01_201512270183.jpg 180.713 189.8537 278.2752 179.3821 141.7548 168 318.2324 162.0813 151.6667 198.6447 299.0351 190.2489 116.0526 131.4783 131.0351 141.8891 141.8421 207.7122 134.4737 218.123 130.0526 228.1979 331.2105 121.0675 323.1053 138.5308 320.6492 203.0105 329.2456 215.4363 339.3158 230.2129 
01_201512280090.jpg 183.5148 203.0569 274.4 214.439 154.5967 187.122 309.5148 206.6992 161.2984 207.1039 294.2295 230.374 144.223 161.1707 150.4656 173.514 150.0984 214.9955 135.5934 223.0894 126.5967 233.2069 325.9934 181.6079 317.7311 191.7254 310.0197 238.6703 316.9967 245.3478 325.259 255.4652 
01_201512280149.jpg 184.9025 162.9919 271.2267 171.187 161.6763 152.065 294.0658 162.9919 166.7169 166.1136 283.6661 178.8335 151.1358 126.6603 155.9018 136.5775 152.0524 176.6776 148.203 185.3013 145.82 194.3561 315.3781 138.3022 304.9296 149.2974 293.748 191.1222 298.3306 197.59 301.8134 203.4109 
01_201512280183.jpg 181.9258 139.3171 254.053 132.0325 157.1763 124.748 280.2168 90.6016 166.4468 148.3333 283.4514 102.3333 146.9461 108.3333 152.2958 115.6667 156.0925 154.7778 149.7072 162.1111 146.2558 170.7778 284.832 64.5556 279.4823 82.3333 293.2881 129.2222 299.6733 137.4444 303.1248 144.3333 
01_201512280186.jpg 216.7261 213.9837 286.1917 214.8943 194.5408 203.5122 309.4681 202.6016 198.5375 221.8093 302.1375 220.7139 179.2875 185.6626 188.3875 193.111 192.0625 229.0386 186.9875 231.2294 181.7375 239.1159 321.0375 185.6626 314.5625 194.4254 312.8125 229.9149 318.9375 238.0205 322.9625 245.469 
01_201512280196.jpg 166.8242 225.8211 245.5532 230.8293 137.7873 211.252 274.5901 219.9024 150.36 239.4727 260.8667 249.1255 123.6667 188.0862 132.0667 199.4423 139.9067 251.6806 133.3733 253.1001 130.0133 264.4562 292.2267 196.3194 281.7733 207.1077 272.44 259.6299 278.4133 266.4436 284.2 274.9608 
01_201512280231.jpg 159.4548 161.1707 281.9972 168.4553 107.0703 144.7805 337.188 155.2521 123.4118 167.5419 317.5294 177.6196 83.1765 110.7403 99.6471 124.2536 102.4706 181.2843 96.8235 187.4683 85.5294 193.8814 366.7059 125.1698 350.7059 135.2475 339.4118 192.5072 345.5294 200.7526 357.7647 207.6237 
01_201512280307.jpg 157.9409 211.252 247.9899 213.9837 130.1265 202.6017 278.5857 201.6911 141.0019 223.5857 267.7665 226.3477 121.1751 175.2503 128.7684 184.365 124.9718 236.8434 121.8079 246.2343 118.6441 253.968 289.0697 178.0123 285.484 189.3366 283.3748 240.434 289.0697 248.9963 296.6629 265.5684 
01_201512280350.jpg 199.0092 222.6341 275.8466 220.3577 178.1213 211.252 296.3615 208.9756 182.9639 230.7234 291.1082 228.9305 163.5016 190.8314 171.7639 198.8994 173.2328 237.6708 167.7246 243.4977 161.2984 254.9275 313.5082 189.935 305.6131 194.8654 301.5738 238.5673 306.7148 248.6523 311.6721 257.1686 
01_201512290115.jpg 193.4013 180.2927 264.1183 178.9268 173.0022 170.2764 283.1574 169.3658 175.3636 190.2783 278.8182 188.5739 160.8182 140.6087 166.4545 159.3565 169.9091 199.0435 162.0909 202.6956 156.6364 212.6783 302.8182 149.3739 293.3636 157.1652 287.9091 197.0956 293.7273 202.2087 297.7273 207.0783 
01_201512290159.jpg 150.5169 225.3658 239.6664 230.8293 119.93 216.7154 273.2374 226.2764 125.8457 232.1807 262.0094 240.7919 109.7953 189.3397 117.7323 200.7496 116.1449 244.0211 112.0882 253.4935 107.326 262.7506 286.3496 199.458 276.6488 210.8678 274.0031 252.2018 277.0016 261.2436 282.9984 268.9937 
01_201512290173.jpg 167.9668 162.5366 251.2161 152.9756 140.7507 157.0732 276.0308 142.0488 150.75 171.6733 266.4167 159.35 129.0833 131.6699 136.4167 144.7516 141.0833 180.2048 138.4167 189.8739 135.0833 198.9742 282.9167 116.5027 279.5833 130.1532 278.75 168.8295 282.0833 175.6547 286.0833 183.4278 
01_201512290182.jpg 182.8707 168 254.2318 175.7398 159.3179 152.065 277.0815 167.0894 165.346 173.8148 270.4455 183.8977 150.1295 132.5667 155.4376 141.9622 151.1911 180.2312 146.5908 189.8558 141.1059 197.6471 289.0237 146.087 283.3618 152.5033 278.7614 194.8972 284.7773 204.5217 288.6698 213.0005 
01_201512290184.jpg 160.3205 160.2602 222.5444 155.252 141.0347 151.6097 239.2831 143.4146 148.022 168.0241 237.4986 159.7243 134.1377 132.8944 137.686 141.1943 139.2287 173.4287 134.4463 178.0612 132.595 185.782 246.9091 120.1551 243.3609 129.2271 245.0578 163.0056 250.1488 168.0241 253.5427 174.3938 
01_201512300225.jpg 164.2078 187.122 281.3517 177.1057 124.7531 178.0163 316.739 157.9838 141.9019 204.0127 310.3246 181.5417 115.0642 130.2133 126.0528 142.5132 123.517 215.3665 119.5019 226.7202 115.9094 234.0528 333.3585 120.7519 323.6378 138.019 322.7925 187.9282 328.4981 199.5185 337.7963 205.905 
01_201512310047.jpg 181.0171 198.9593 252.0481 203.0569 157.34 187.1219 274.2682 193.4959 162.0516 206.7937 268.4431 214.8658 147.0956 163.0346 152.5341 175.78 152.1942 214.441 146.4158 221.2385 141.3172 230.3727 285.6085 167.0706 280.17 178.9663 278.3005 220.3888 284.7587 229.0981 291.047 238.6572 
01_201512310071.jpg 203.4611 244.0326 280.9487 243.122 181.0551 230.8293 307.4003 228.5529 161.7175 241.8156 301.4848 250.4397 163.5789 201.6454 174.5928 214.8085 156.7535 252.2553 151.7895 263.6028 148.9972 276.766 320.0997 203.0071 313.5845 213.9007 313.2742 259.0638 320.41 268.5957 326.4598 278.5816 
01_201512310117.jpg 182.7943 157.5285 259.7359 137.0406 164.5616 152.065 272.8634 124.2927 172.1804 169.3049 273.2068 141.033 153.1944 136.6835 158.4199 143.4252 162.7745 179.3087 159.1166 189.7476 155.8072 196.7068 283.4836 96.0155 277.2131 108.4117 285.2255 149.732 291.4961 155.6039 298.4634 165.1728 
01_201512310135.jpg 191.3678 188.0325 274.6576 203.0569 164.3297 171.6423 302.3173 193.4959 170.7953 196.1536 291.3677 217.7209 156.6323 144.8288 162.782 157.66 158.1231 211.1688 152.9052 215.8099 148.4326 224 312.2396 170.7642 304.4127 180.8653 303.2945 234.3741 306.6489 242.2913 310.9351 249.1164 
01_201512310164.jpg 239.1619 131.5772 314.6556 134.3089 218.3143 119.2845 339.2937 126.1138 225.0041 135.7137 332.6786 143.507 205.0759 93.4076 211.1007 105.6541 214.1904 145.2883 209.0924 155.3082 203.84 167.5547 353.5338 100.5328 347.2 110.5527 341.7931 154.4175 347.509 165.7733 351.371 174.4572 
01_201512310234.jpg 163.3566 188.9431 281.8391 188.4878 116.7349 169.3659 330.2135 164.813 127.569 198.606 317.2931 195.471 88.9483 128.0672 105.1207 143.1155 111.1552 211.7733 105.1207 226.8216 91.6034 241.2428 356.3965 123.9916 341.6724 139.6669 337.569 208.0112 343.6035 223.6865 353.9828 235.9132 
01_201512310239.jpg 202.3708 170.2764 267.2584 160.2602 183.4037 157.5285 282.2325 145.6911 191.0542 177.6441 280.9346 162.9381 175.7886 147.5928 180.7733 150.7897 177.8136 182.5461 171.7385 188.5138 167.0654 197.039 288.2559 133.313 283.2712 136.9362 293.2406 167.627 297.9138 172.1028 302.5869 175.726 
01_201512310252.jpg 157.4179 162.0813 233.7915 156.6179 131.9601 150.6992 258.466 143.4146 140.2708 181.6931 255.3037 172.1237 113.8414 120.751 123.8066 132.0832 125.7563 184.4632 122.0735 189.4997 118.1741 192.5216 275.234 111.1816 265.4855 125.5357 269.3849 179.9303 264.4023 177.6638 272.2012 184.4632 
