01_201508310123.jpg 173.0469207763672 232.91384887695312 284.2351989746094 239.08773803710938 137.85195922851562 211.75259399414062 320.3810119628906 221.88177490234375 145.56488037109375 243.64584350585938 310.33026123046875 253.61233520507812 
01_201508310269.jpg 153.3235321044922 225.7019500732422 262.6630859375 216.08790588378906 117.68548583984375 207.85560607910156 295.94854736328125 192.48046875 127.80802154541016 240.47943115234375 290.2387390136719 226.4196014404297 
01_201511290046.jpg 172.4575653076172 199.16246032714844 292.93011474609375 206.5556640625 133.46719360351562 178.92428588867188 333.1873779296875 191.10255432128906 143.11532592773438 210.1610107421875 320.6676940917969 222.15213012695312 
01_201511290053.jpg 172.81967163085938 173.21592712402344 278.20550537109375 176.2368927001953 138.50746154785156 157.2782440185547 312.9935607910156 162.47195434570312 147.71762084960938 182.98036193847656 302.50927734375 188.25010681152344 
01_201511290090.jpg 166.13909912109375 197.42941284179688 278.8322448730469 198.73536682128906 130.6956787109375 175.169189453125 314.2069396972656 177.37120056152344 138.88479614257812 210.30130004882812 305.8630065917969 212.77366638183594 
01_201511250115.jpg 173.75563049316406 241.8909454345703 268.6112365722656 239.3809356689453 141.9818572998047 230.20065307617188 299.6902160644531 226.52867126464844 151.51466369628906 251.3051300048828 291.14898681640625 248.2136993408203 
01_201512270024.jpg 162.14163208007812 193.54298400878906 261.8978576660156 191.14207458496094 130.5841522216797 175.27224731445312 292.6239929199219 171.5825958251953 138.462158203125 205.30856323242188 285.93060302734375 202.13572692871094 
01_201408210204.jpg 168.01544189453125 196.46131896972656 295.0172119140625 190.03286743164062 125.87327575683594 178.1095428466797 335.6064453125 167.9398956298828 138.41867065429688 211.9853515625 326.2562561035156 202.9214324951172 
01_201512310117.jpg 185.9656219482422 158.15609741210938 257.3141174316406 141.0039520263672 161.23611450195312 153.0492401123047 278.6202697753906 125.8208236694336 171.5059356689453 168.3660125732422 275.6291809082031 143.01443481445312 
01_201508290245.jpg 163.78067016601562 187.58712768554688 281.8450927734375 189.5963897705078 125.6292724609375 167.63958740234375 320.1224060058594 171.08726501464844 135.47581481933594 199.99635314941406 309.7008056640625 203.73751831054688 
01_201408100092.jpg 160.28329467773438 182.40670776367188 282.6955261230469 183.40687561035156 119.22567749023438 166.37969970703125 323.7466125488281 168.32704162597656 131.44102478027344 194.45594787597656 311.2259826660156 196.9090576171875 
01_201511260228.jpg 173.1163330078125 164.94439697265625 267.8624267578125 182.71775817871094 144.58897399902344 143.75633239746094 299.8486328125 172.60354614257812 148.84327697753906 170.44924926757812 288.07147216796875 197.89198303222656 
01_201512260218.jpg 169.84518432617188 177.70541381835938 279.6158142089844 183.50428771972656 134.3963623046875 159.89186096191406 316.0614013671875 169.53321838378906 143.34243774414062 187.51022338867188 304.72021484375 197.00137329101562 
01_201512280307.jpg 160.82626342773438 215.24325561523438 249.66831970214844 218.36683654785156 131.29107666015625 203.74203491210938 279.6127624511719 209.22596740722656 139.6606903076172 222.2969970703125 269.6480712890625 227.8733367919922 
01_201511300334.jpg 169.26268005371094 169.3868408203125 281.87872314453125 162.2367706298828 133.12132263183594 150.07785034179688 316.3316955566406 138.63978576660156 142.97267150878906 183.83653259277344 309.8743896484375 173.44171142578125 
01_201511240274.jpg 163.15541076660156 211.12940979003906 272.1998291015625 216.5699920654297 129.26661682128906 188.19113159179688 306.8102722167969 197.0654296875 136.23085021972656 222.500732421875 297.8753662109375 231.2710723876953 
01_201512290115.jpg 191.13409423828125 182.212646484375 261.9394836425781 181.694580078125 168.19775390625 172.65899658203125 284.72552490234375 172.2490234375 174.92837524414062 188.47195434570312 278.029052734375 188.23739624023438 
01_201511270214.jpg 159.5449676513672 195.29063415527344 279.74053955078125 213.57492065429688 121.43214416503906 172.22219848632812 321.2557678222656 201.93936157226562 129.14271545410156 203.47998046875 305.97076416015625 232.1212921142578 
01_201511300281.jpg 163.28042602539062 207.20233154296875 283.44635009765625 208.541015625 123.42434692382812 189.62969970703125 323.3209228515625 192.0770263671875 134.66758728027344 219.44207763671875 311.75830078125 222.3223114013672 
01_201512310071.jpg 199.30264282226562 239.09033203125 280.7862548828125 242.0653076171875 173.65048217773438 225.45233154296875 306.91986083984375 230.64846801757812 179.75086975097656 246.22096252441406 299.45416259765625 251.26431274414062 
01_201512270183.jpg 178.4925994873047 187.57659912109375 280.6329040527344 182.1767120361328 145.4813690185547 171.28109741210938 312.3550720214844 162.81082153320312 154.78610229492188 200.02394104003906 305.5401916503906 192.31666564941406 
01_201511290043.jpg 164.5829315185547 193.71751403808594 278.6596374511719 171.01268005371094 124.28932189941406 184.52215576171875 314.2195129394531 148.1677703857422 140.2312774658203 210.9680633544922 308.3343200683594 177.2461700439453 
01_201508310279.jpg 167.60940551757812 221.0678253173828 302.9454040527344 221.5754852294922 124.83035278320312 194.7032928466797 345.57501220703125 195.66616821289062 133.73143005371094 235.9069061279297 336.9063720703125 237.1829071044922 
01_201508280093.jpg 166.7115936279297 208.12599182128906 283.8262634277344 233.65463256835938 129.71414184570312 185.48306274414062 325.75738525390625 226.94052124023438 136.36245727539062 213.50222778320312 308.3166198730469 253.22384643554688 
01_201512270021.jpg 167.97500610351562 217.10731506347656 275.17633056640625 210.9630584716797 132.6463165283203 201.30506896972656 308.9900817871094 191.6370849609375 143.02674865722656 230.15652465820312 301.4585266113281 221.4296875 
01_201411300114.jpg 154.70423889160156 190.02468872070312 277.0724792480469 198.00338745117188 116.18475341796875 165.6082763671875 316.8465270996094 178.5708770751953 124.40657806396484 201.94932556152344 305.6348876953125 214.71873474121094 
01_201512260094.jpg 163.11843872070312 204.48092651367188 279.9894104003906 204.19972229003906 125.46914672851562 184.08139038085938 317.2438049316406 183.79478454589844 135.1343231201172 217.71389770507812 308.0576171875 217.91697692871094 
01_201512290159.jpg 150.1829376220703 225.8026123046875 241.56344604492188 229.79806518554688 119.58366394042969 214.21070861816406 272.69873046875 221.09259033203125 128.16387939453125 232.6673583984375 262.0933837890625 239.65550231933594 
01_201508300151.jpg 160.0535125732422 193.33375549316406 273.5626220703125 203.2518310546875 124.77226257324219 169.46311950683594 310.4944763183594 185.5645294189453 131.7504119873047 203.85362243652344 299.6420593261719 219.4911651611328 
01_201508300025.jpg 147.87086486816406 207.19744873046875 267.15960693359375 196.67604064941406 108.46438598632812 189.00265502929688 304.04644775390625 172.16871643066406 120.20694732666016 223.27749633789062 297.1829528808594 207.9418182373047 
01_201508290153.jpg 158.9100799560547 191.4296875 272.35845947265625 183.56565856933594 122.24851989746094 172.3291778564453 307.0765075683594 159.7729949951172 132.48854064941406 206.41363525390625 300.5373840332031 195.00596618652344 
01_201508300024.jpg 164.81639099121094 183.05535888671875 290.8134765625 186.5242462158203 120.14544677734375 172.92263793945312 336.15545654296875 179.05108642578125 135.5886688232422 193.21180725097656 319.1495361328125 199.75250244140625 
01_201508300150.jpg 173.0213623046875 198.45364379882812 273.4021911621094 199.84754943847656 141.88748168945312 177.92051696777344 304.51953125 180.3037567138672 148.75450134277344 209.78036499023438 297.3352355957031 212.28211975097656 
01_201512280149.jpg 185.03488159179688 164.03976440429688 265.7635803222656 171.41598510742188 159.28395080566406 151.3269500732422 292.983154296875 163.62515258789062 165.63580322265625 169.37368774414062 283.2985534667969 181.20481872558594 
01_201511260260.jpg 169.24220275878906 201.3538818359375 275.8280334472656 204.135009765625 134.57952880859375 184.5178985595703 310.8109130859375 189.31320190429688 143.7180938720703 211.71792602539062 300.5853576660156 216.6432342529297 
01_201512270051.jpg 170.24246215820312 199.06619262695312 279.12200927734375 213.0925750732422 136.00289916992188 177.91412353515625 315.9498596191406 200.78871154785156 142.92974853515625 207.14369201660156 303.2030334472656 229.1434783935547 
01_201508310369.jpg 157.13233947753906 211.3561553955078 280.4408264160156 212.44068908691406 117.30961608886719 189.64425659179688 320.1106872558594 191.53030395507812 127.33958435058594 225.0080108642578 310.0530090332031 227.35206604003906 
01_201512230267.jpg 192.82110595703125 193.97433471679688 256.3050231933594 191.281005859375 173.1014404296875 183.1724090576172 275.3558044433594 179.28335571289062 178.58421325683594 200.83511352539062 270.81890869140625 197.2913055419922 
01_201508300224.jpg 177.68264770507812 200.46710205078125 291.9564514160156 183.86257934570312 140.38525390625 182.49935913085938 325.63311767578125 155.8613739013672 152.08367919921875 218.18263244628906 321.5517578125 193.4533233642578 
01_201508290145.jpg 174.12310791015625 194.0498809814453 289.2902526855469 187.16253662109375 136.96067810058594 174.66616821289062 324.7985534667969 163.69493103027344 147.2503662109375 208.9980926513672 317.86810302734375 199.0148468017578 
01_201511290027.jpg 169.67677307128906 154.02005004882812 289.7569580078125 159.29315185546875 130.893310546875 134.48033142089844 329.46197509765625 143.12457275390625 140.7945556640625 165.13075256347656 317.5484924316406 173.82110595703125 
01_201508290144.jpg 153.79107666015625 188.25209045410156 283.8388977050781 196.2422637939453 113.72444152832031 160.61668395996094 325.1602783203125 173.4974365234375 120.7748031616211 200.67076110839844 315.2044372558594 213.31703186035156 
01_201511280208.jpg 165.0687255859375 185.18080139160156 284.6299133300781 177.0047149658203 125.82377624511719 166.96653747558594 321.9480895996094 153.94921875 137.38153076171875 200.50808715820312 314.2384948730469 188.7082977294922 
01_201512290173.jpg 169.43833923339844 161.47097778320312 250.6267547607422 152.3163299560547 141.9195556640625 153.21617126464844 276.2040710449219 138.8668670654297 151.50045776367188 170.68544006347656 270.36212158203125 157.48660278320312 
01_201512270078.jpg 170.25889587402344 172.38754272460938 285.4233703613281 171.09561157226562 133.4789581298828 152.06784057617188 321.7241516113281 150.11012268066406 142.86209106445312 185.53179931640625 313.2098693847656 184.08392333984375 
01_201512310164.jpg 240.17164611816406 136.2160186767578 317.7007141113281 139.03343200683594 216.0438690185547 123.12202453613281 342.6919250488281 128.03248596191406 222.14859008789062 142.52049255371094 335.5660705566406 147.24630737304688 
01_201511260058.jpg 171.37484741210938 191.43988037109375 270.0884094238281 199.3618621826172 138.60638427734375 178.49981689453125 304.3463439941406 191.7440643310547 147.6590118408203 198.34689331054688 291.7323303222656 211.2508087158203 
01_201511290183.jpg 163.1348876953125 170.91624450683594 279.73150634765625 170.9410858154297 125.42240905761719 151.77239990234375 317.2153015136719 151.97930908203125 135.41688537597656 183.4623565673828 307.44287109375 184.14305114746094 
01_201508310390.jpg 173.02255249023438 233.19676208496094 276.3786315917969 224.99517822265625 139.78201293945312 215.6443634033203 307.64556884765625 202.60011291503906 148.96058654785156 247.02830505371094 302.265869140625 235.05850219726562 
01_201511280186.jpg 165.85096740722656 189.9188232421875 281.35443115234375 183.20704650878906 126.89266967773438 175.66110229492188 318.76177978515625 165.15065002441406 139.35963439941406 203.4353485107422 309.3334655761719 194.0270538330078 
01_201512270080.jpg 170.62400817871094 215.15029907226562 278.4577331542969 206.21511840820312 135.00961303710938 199.5482940673828 312.0013427734375 185.356201171875 145.8221435546875 229.1540069580078 305.2879943847656 216.13943481445312 
01_201508280185.jpg 153.4982147216797 207.47463989257812 293.6942138671875 216.18922424316406 106.02095031738281 188.80227661132812 342.64093017578125 203.11878967285156 119.5177230834961 219.36328125 325.79559326171875 233.74420166015625 
01_201511280025.jpg 164.19873046875 199.889404296875 292.74346923828125 202.6640167236328 122.25267028808594 178.9452667236328 334.9637145996094 183.63807678222656 133.18019104003906 213.1419219970703 323.2339782714844 218.13796997070312 
01_201508300020.jpg 163.51377868652344 215.73451232910156 288.2550354003906 221.2229766845703 122.78643798828125 195.18092346191406 329.79852294921875 204.25921630859375 133.18600463867188 227.79891967773438 317.4114685058594 236.9696807861328 
01_201511280019.jpg 150.4200897216797 202.03414916992188 296.08428955078125 197.27413940429688 98.12783813476562 190.5240020751953 347.200927734375 183.13702392578125 117.04447174072266 217.15554809570312 330.781982421875 211.17127990722656 
01_201511290034.jpg 153.05389404296875 167.89134216308594 290.8951416015625 177.4838104248047 105.95478820800781 152.1331024169922 339.6734924316406 167.85858154296875 120.1447982788086 178.49874877929688 321.61285400390625 194.25636291503906 
01_201511260107.jpg 189.94773864746094 223.53274536132812 275.89068603515625 228.4772186279297 161.94068908691406 211.52978515625 304.822265625 219.93963623046875 169.36000061035156 229.9735565185547 295.12774658203125 238.15313720703125 
01_201512270056.jpg 162.22483825683594 255.07203674316406 291.2744445800781 253.6809539794922 120.93978881835938 230.82984924316406 331.89453125 228.5848846435547 130.530029296875 270.2872619628906 323.5248718261719 268.690185546875 
01_201512310239.jpg 200.0107879638672 166.0627899169922 265.818603515625 158.61817932128906 178.7875213623047 157.36285400390625 285.52703857421875 145.78199768066406 185.86016845703125 173.84844970703125 281.5467224121094 163.12014770507812 
01_201512280196.jpg 167.77284240722656 229.19036865234375 246.94888305664062 233.6387939453125 142.57569885253906 216.04806518554688 272.7806701660156 223.61083984375 148.4850616455078 235.38877868652344 264.7086486816406 242.78341674804688 
01_201512310234.jpg 160.62242126464844 187.5185089111328 286.2390441894531 184.91307067871094 118.85720825195312 169.67495727539062 327.2144470214844 165.72813415527344 131.13616943359375 201.51243591308594 316.3487854003906 198.38543701171875 
01_201512300225.jpg 164.08587646484375 189.25277709960938 277.2606506347656 174.40274047851562 124.40065002441406 179.53179931640625 313.8108215332031 155.9326934814453 139.22454833984375 203.9653778076172 305.50830078125 182.2765655517578 
01_201511260136.jpg 162.27828979492188 255.4420623779297 241.00694274902344 244.33041381835938 136.05422973632812 246.0146484375 264.6670837402344 228.488525390625 144.654052734375 265.4863586425781 260.5843505859375 249.29591369628906 
01_201511290005.jpg 158.51820373535156 140.26768493652344 262.853759765625 135.4865264892578 123.77369689941406 126.4954833984375 296.55242919921875 119.12020874023438 134.4582977294922 151.4468536376953 287.8327941894531 144.99301147460938 
01_201511290011.jpg 172.73666381835938 167.84645080566406 285.2038269042969 167.56593322753906 137.45828247070312 146.12962341308594 320.2130432128906 145.7350311279297 145.74281311035156 180.7382049560547 312.4183654785156 180.7074432373047 
01_201411300054.jpg 161.3208770751953 169.81866455078125 290.1255798339844 177.787109375 120.88291931152344 145.42498779296875 331.86138916015625 158.1992645263672 129.53077697753906 181.93247985839844 320.36993408203125 194.57925415039062 
01_201512240172.jpg 167.85397338867188 182.380126953125 291.3956298828125 174.4365234375 125.33047485351562 169.3672332763672 332.18109130859375 156.9137420654297 139.7501678466797 196.591796875 321.3555603027344 185.4376678466797 
01_201512280183.jpg 180.4737091064453 139.6440887451172 257.4085693359375 131.25814819335938 155.44093322753906 128.97874450683594 280.7751159667969 115.77489471435547 163.27882385253906 148.8015594482422 276.5074157714844 136.584716796875 
01_201512290184.jpg 158.77088928222656 160.96450805664062 220.46153259277344 153.08335876464844 138.08566284179688 154.48526000976562 239.4875946044922 142.2416534423828 145.2505645751953 167.48251342773438 235.26687622070312 156.22679138183594 
01_201511250155.jpg 193.81736755371094 157.14361572265625 258.93841552734375 158.56199645996094 173.6953125 145.8180389404297 279.3361511230469 148.44375610351562 178.6320037841797 162.608154296875 273.6891174316406 165.19065856933594 
01_201407020382.jpg 144.14022827148438 195.33538818359375 289.39373779296875 197.73226928710938 92.51063537597656 182.5070037841797 341.23504638671875 186.65391540527344 110.17601776123047 208.39759826660156 322.912109375 213.3715362548828 
01_201511290012.jpg 167.1304931640625 199.15870666503906 295.3499450683594 177.28546142578125 121.04974365234375 190.2246551513672 336.94091796875 155.23915100097656 139.5257110595703 217.51821899414062 328.3055114746094 185.18649291992188 
01_201508310215.jpg 160.73751831054688 196.38534545898438 265.032958984375 202.4344024658203 127.59625244140625 177.3509063720703 299.07342529296875 187.35838317871094 135.2663116455078 206.03997802734375 288.92840576171875 215.87957763671875 
01_201508310413.jpg 175.7930908203125 227.6156463623047 282.0107421875 233.17242431640625 143.5327606201172 203.17294311523438 315.0453796386719 212.15960693359375 149.27806091308594 239.07655334472656 307.3829345703125 247.8393096923828 
01_201411300133.jpg 150.79966735839844 174.27880859375 276.0091552734375 177.02273559570312 109.05256652832031 157.0176239013672 318.0299377441406 161.70753479003906 121.0677261352539 186.2895050048828 304.9642028808594 191.4087677001953 
01_201508300176.jpg 138.76600646972656 211.2193603515625 272.1701965332031 203.64381408691406 93.20193481445312 194.43643188476562 315.8610534667969 182.4163360595703 107.59286499023438 227.17657470703125 305.0716552734375 216.60089111328125 
01_201512280231.jpg 154.49879455566406 161.51690673828125 286.71966552734375 165.66650390625 108.77635192871094 147.9163055419922 333.0765380859375 154.9634246826172 123.51419830322266 172.7037353515625 316.6341247558594 180.2082977294922 
01_201512260104.jpg 179.34967041015625 201.27249145507812 277.4588928222656 198.94935607910156 147.90965270996094 184.95339965820312 308.20831298828125 181.46714782714844 156.2808837890625 212.47288513183594 300.9732971191406 209.42660522460938 
01_201512280350.jpg 198.01026916503906 220.03024291992188 272.8395690917969 220.26123046875 174.18075561523438 208.77984619140625 296.627685546875 209.59620666503906 180.61776733398438 226.9300994873047 289.9414978027344 227.83009338378906 
01_201503260240.jpg 146.8041229248047 224.49676513671875 276.72442626953125 228.23175048828125 106.24917602539062 196.99063110351562 317.6227722167969 203.0434112548828 113.97502136230469 238.46644592285156 308.74139404296875 244.6808319091797 
01_201511290163.jpg 171.5601348876953 177.81312561035156 305.4402160644531 182.8931427001953 126.73735046386719 160.44842529296875 351.11138916015625 168.86709594726562 139.70779418945312 189.86087036132812 336.3529968261719 198.50045776367188 
01_201512260073.jpg 169.13729858398438 200.29757690429688 283.403076171875 196.74705505371094 131.51812744140625 183.29539489746094 320.0594177246094 177.82077026367188 142.36785888671875 213.4589080810547 310.9845275878906 208.73568725585938 
01_201511290175.jpg 171.19522094726562 199.0297393798828 270.66668701171875 196.27503967285156 137.0873565673828 189.16287231445312 304.1219787597656 185.17173767089844 148.42010498046875 208.6567840576172 293.86651611328125 205.3238525390625 
01_201512290182.jpg 180.7704620361328 168.96063232421875 254.87014770507812 175.75851440429688 158.0057373046875 154.8778533935547 278.8917541503906 166.1708221435547 162.74493408203125 174.30149841308594 271.0989685058594 185.08831787109375 
01_201512240189.jpg 168.11878967285156 252.02420043945312 270.2174987792969 257.89892578125 133.6869354248047 239.4939422607422 305.6562805175781 249.4190673828125 143.3681182861328 259.4606628417969 293.283203125 269.36834716796875 
01_201512270089.jpg 165.0345001220703 211.04727172851562 280.6860656738281 209.08990478515625 127.63616943359375 191.33596801757812 317.3603515625 188.34950256347656 137.4818878173828 224.53309631347656 308.711181640625 222.168212890625 
01_201512270102.jpg 164.79420471191406 197.0205535888672 245.06747436523438 194.1489715576172 138.90150451660156 184.84017944335938 270.10894775390625 180.5719757080078 146.17391967773438 205.5411834716797 263.8710021972656 201.74887084960938 
01_201508300029.jpg 172.34515380859375 202.36666870117188 293.63031005859375 210.56837463378906 133.22044372558594 181.474853515625 334.1783142089844 194.9364013671875 142.6724395751953 213.3520050048828 321.5413513183594 226.56495666503906 
01_201511240208.jpg 136.63583374023438 167.1272735595703 282.8016357421875 158.42152404785156 82.58340454101562 160.260009765625 334.7555847167969 146.7054443359375 103.9421157836914 181.92750549316406 317.3110046386719 170.18556213378906 
01_201512250238.jpg 154.44732666015625 150.381103515625 285.67022705078125 147.08480834960938 106.06266784667969 144.39230346679688 333.3089294433594 139.75045776367188 125.05402374267578 161.78465270996094 315.56109619140625 158.31410217285156 
01_201508280166.jpg 162.62803649902344 162.59027099609375 282.0451965332031 176.35147094726562 124.828857421875 140.72592163085938 322.4210205078125 163.01046752929688 133.00912475585938 171.68057250976562 308.61932373046875 193.254150390625 
01_201508290229.jpg 174.81704711914062 231.7602996826172 294.7269287109375 220.9232940673828 132.08457946777344 222.8149871826172 335.2301330566406 205.71182250976562 147.9736785888672 245.63616943359375 324.22149658203125 230.1140899658203 
01_201508300148.jpg 170.15988159179688 196.64053344726562 293.19842529296875 190.5077667236328 129.31854248046875 179.12542724609375 332.5652770996094 169.45498657226562 141.5530242919922 211.5206756591797 323.3331604003906 202.89637756347656 
01_201508310429.jpg 154.56829833984375 198.31015014648438 269.5386657714844 196.83059692382812 116.88748168945312 180.27037048339844 306.58447265625 178.12908935546875 127.32882690429688 211.08380126953125 296.989013671875 209.5885467529297 
01_201512280186.jpg 212.6731414794922 213.21218872070312 284.91876220703125 214.76805114746094 190.2075653076172 201.2244110107422 307.6745300292969 204.2142333984375 195.8739013671875 219.6798858642578 301.2176208496094 222.57191467285156 
01_201512220330.jpg 189.24826049804688 207.13380432128906 299.6529541015625 227.53466796875 154.99729919433594 184.53781127929688 337.90032958984375 217.7007293701172 160.95152282714844 213.6319122314453 323.4412536621094 245.28773498535156 
01_201511260223.jpg 177.79478454589844 192.7113800048828 277.261962890625 196.68240356445312 146.9207763671875 172.76829528808594 308.7023010253906 179.35157775878906 153.5896453857422 202.9198455810547 300.5614929199219 209.35499572753906 
01_201512270158.jpg 149.57473754882812 177.00732421875 281.570068359375 172.00523376464844 102.78768920898438 165.891357421875 327.1378479003906 158.20413208007812 119.4950180053711 190.62611389160156 312.6780090332031 184.21859741210938 
01_201512310135.jpg 189.6254119873047 190.6949462890625 272.9218444824219 203.5361328125 164.4221649169922 173.09364318847656 300.60369873046875 194.1201171875 168.69046020507812 196.02581787109375 290.8106384277344 215.95004272460938 
01_201411300036.jpg 170.56185913085938 168.95997619628906 269.697265625 164.18360900878906 137.87098693847656 155.3933563232422 301.27471923828125 147.9913787841797 147.68016052246094 179.90538024902344 293.512939453125 173.28994750976562 
01_201511290072.jpg 163.58424377441406 223.51907348632812 276.84283447265625 226.40927124023438 127.42411804199219 202.6215362548828 313.23883056640625 207.447265625 135.9852294921875 235.47891235351562 303.7552490234375 240.50027465820312 
01_201512240298.jpg 182.38035583496094 265.0100402832031 260.9575500488281 263.0280456542969 157.155029296875 253.25485229492188 285.54229736328125 250.4595947265625 163.7840576171875 272.66461181640625 279.5367736816406 270.2750549316406 
01_201512240065.jpg 187.9289093017578 196.08348083496094 267.44512939453125 197.72021484375 162.09805297851562 185.02381896972656 293.52447509765625 188.10089111328125 169.34996032714844 202.87193298339844 285.3985290527344 205.9619903564453 
01_201508310275.jpg 164.66754150390625 206.40769958496094 288.68218994140625 200.75247192382812 121.6995849609375 193.6695098876953 330.35711669921875 184.9220428466797 136.1968536376953 219.994873046875 318.51385498046875 212.37599182128906 
01_201511260208.jpg 161.86729431152344 199.1209716796875 285.7004699707031 190.17697143554688 117.67803955078125 189.94357299804688 327.9902648925781 175.95164489746094 134.1059112548828 212.89060974121094 315.5441589355469 200.3723602294922 
01_201511290104.jpg 171.36044311523438 179.45513916015625 283.5491027832031 196.30970764160156 136.36183166503906 156.9722900390625 321.7709655761719 184.36831665039062 143.00616455078125 187.15769958496094 308.12615966796875 213.4008331298828 
01_201511270219.jpg 185.6006622314453 137.65850830078125 289.1091613769531 143.28514099121094 153.3226318359375 117.88463592529297 322.51141357421875 127.09371185302734 160.57568359375 147.16949462890625 313.0855712890625 156.19667053222656 
01_201512220156.jpg 138.70286560058594 227.8572998046875 229.85848999023438 237.86294555664062 109.1474609375 212.86534118652344 261.04119873046875 229.3804168701172 115.88139343261719 233.67880249023438 249.6908416748047 249.80258178710938 
01_201511240245.jpg 174.28553771972656 198.96202087402344 275.8590087890625 196.09117126464844 141.71014404296875 181.84268188476562 307.59796142578125 177.446044921875 150.39381408691406 210.84349060058594 300.322509765625 206.9845733642578 
01_201511290058.jpg 156.84852600097656 199.19900512695312 253.9121551513672 199.86923217773438 125.31692504882812 183.9938201904297 285.26556396484375 185.40997314453125 133.7360382080078 208.84498596191406 276.4970703125 210.55447387695312 
01_201511300310.jpg 170.7620391845703 172.38186645507812 308.5727844238281 179.08094787597656 127.0357666015625 148.40394592285156 353.3807373046875 159.18417358398438 136.75596618652344 185.06204223632812 341.4154052734375 195.81924438476562 
01_201508310276.jpg 159.25852966308594 205.8402862548828 273.82586669921875 206.36929321289062 119.82029724121094 193.62820434570312 313.2107238769531 194.92100524902344 132.48345947265625 216.37506103515625 300.3225402832031 218.2353515625 
01_201512240066.jpg 191.68026733398438 207.58026123046875 273.65838623046875 210.4707489013672 165.3524627685547 195.22549438476562 300.4853210449219 200.29176330566406 172.24453735351562 214.5332794189453 292.2379455566406 219.474365234375 
01_201508280117.jpg 159.51104736328125 191.59039306640625 274.847412109375 185.9757080078125 120.11021423339844 178.65980529785156 312.9193115234375 169.97445678710938 133.0802459716797 204.388427734375 302.4421691894531 196.7675323486328 
01_201511240136.jpg 183.24710083007812 199.68553161621094 271.03155517578125 189.15211486816406 153.25331115722656 191.30227661132812 298.80877685546875 174.72889709472656 164.02047729492188 210.43617248535156 292.51177978515625 195.10496520996094 
01_201512240102.jpg 178.5928192138672 228.33917236328125 272.98480224609375 230.99143981933594 147.55418395996094 215.06787109375 304.39971923828125 219.73358154296875 156.0410919189453 236.59002685546875 294.7043151855469 241.3293914794922 
01_201512310047.jpg 179.61717224121094 200.71218872070312 253.96263122558594 203.71023559570312 156.5779266357422 187.12747192382812 277.3961181640625 192.32119750976562 161.8098602294922 207.30718994140625 270.7072448730469 212.30874633789062 
01_201511280138.jpg 180.4244384765625 182.41989135742188 294.324951171875 187.09967041015625 144.0313262939453 162.58859252929688 331.506103515625 170.36158752441406 152.89341735839844 193.5091552734375 320.8919677734375 201.18385314941406 
01_201411300018.jpg 172.02752685546875 178.92263793945312 280.91680908203125 172.37823486328125 135.86032104492188 164.28604125976562 315.5956726074219 154.0230712890625 146.99610900878906 191.7504119873047 307.3737487792969 182.48374938964844 
01_201511300329.jpg 158.3935546875 220.10552978515625 295.4346923828125 231.2412109375 115.73771667480469 191.23245239257812 340.02850341796875 209.26576232910156 123.05059051513672 232.30934143066406 328.437744140625 249.81854248046875 
01_201512240275.jpg 171.6895294189453 231.06459045410156 271.8388671875 229.853271484375 136.7428436279297 222.57188415527344 306.4646301269531 221.095458984375 148.55392456054688 239.72857666015625 295.0311584472656 238.86923217773438 
01_201512240077.jpg 152.1428985595703 172.2661895751953 277.2850341796875 176.9239501953125 109.07575988769531 158.76051330566406 321.11346435546875 166.6946563720703 122.67259979248047 182.72119140625 305.4435729980469 190.965576171875 
01_201508290063.jpg 168.71780395507812 206.42274475097656 293.2694396972656 200.6851806640625 127.68734741210938 187.4340362548828 332.85772705078125 178.349853515625 139.51925659179688 221.70896911621094 323.9521789550781 213.64109802246094 
01_201511260224.jpg 168.3572998046875 206.53323364257812 276.4441223144531 191.26829528808594 131.7710418701172 193.62689208984375 309.72271728515625 169.24961853027344 144.34976196289062 221.9267120361328 303.9377746582031 199.33981323242188 
01_201508290075.jpg 154.26173400878906 194.80770874023438 258.7920837402344 184.70181274414062 120.17735290527344 178.4725799560547 290.4618225097656 162.366455078125 130.2696533203125 208.94570922851562 284.8617248535156 194.1522674560547 
01_201512310252.jpg 158.6710662841797 161.44583129882812 235.74435424804688 157.2135772705078 133.7365264892578 149.9939422607422 259.6368713378906 143.53240966796875 140.9034881591797 169.57972717285156 254.04994201660156 163.762451171875 
01_201512280090.jpg 182.67178344726562 203.36016845703125 274.71173095703125 215.748291015625 153.7158966064453 186.72450256347656 306.0249938964844 207.08297729492188 159.75064086914062 209.29246520996094 294.6159973144531 228.75172424316406 
01_201508290115.jpg 166.93850708007812 208.6580810546875 287.9329833984375 211.36895751953125 127.93252563476562 187.4954071044922 327.1790771484375 192.04058837890625 137.68157958984375 221.47862243652344 316.6715393066406 226.27183532714844 
01_201511250246.jpg 156.98133850097656 179.09535217285156 261.4316101074219 179.19151306152344 124.537353515625 157.8834686279297 293.53106689453125 158.112060546875 131.77252197265625 191.15151977539062 286.5233459472656 191.70220947265625 
01_201511270222.jpg 178.03582763671875 140.04367065429688 284.9970397949219 135.93328857421875 142.8658905029297 124.94099426269531 319.315673828125 118.59619140625 153.35472106933594 151.651611328125 310.6808166503906 146.1029052734375 
